Iter=       12000
         140
   12.115171999999999        0.0000000000000000        0.0000000000000000     
   0.0000000000000000        12.115171999999999        0.0000000000000000     
   0.0000000000000000        0.0000000000000000        12.115171999999999     
C       11.929863451571         10.255115157975         10.560888399605    
N       11.690215444735         11.681151884543         10.388414891840    
H      0.82692408073018         10.045855547413         10.669533085903    
H       11.396827543645         9.7875080488504         11.387541318552    
H       11.622212688269         9.6851511589529         9.7280134814174    
O      0.47183327591945        0.22633827695192         9.9979250584900    
O       10.575750410462        0.47185706230976E-01     10.744045289768    
C       9.9435888796591         4.2791201011869         6.0346745909932    
N       10.627450522708         5.3097837970221         5.2648418940813    
H       10.474646231382         4.2140906648882         7.0046340843598    
H       8.9630593525495         4.6732651477262         6.1689790367443    
H       9.8773261462862         3.4139722691933         5.3919388748052    
O       11.373658160534         4.9685388086643         4.3774062236580    
O       10.683734013377         6.4511478780811         5.6101804414996    
C      0.42467564644334         6.4170277323906         8.1653670112673    
N       12.008900708787         7.7321077000951         8.2193075279723    
H      0.93563573651737         6.0751375691397         9.0843109020774    
H       11.730476323044         5.6975811449740         8.0428693034235    
H       1.0715948429475         6.4140638248257         7.2711235305632    
O       11.184115335753         7.9936109291395         9.0555261473159    
O      0.32488202155962         8.5561450980657         7.4859550742313    
C       5.3281025640363         2.9530224043769         7.3161160927709    
N       5.0019197769065         3.3470607753072         5.9363934389522    
H       5.3614638663970         1.8968569917358         7.4382996091289    
H       6.3061745483149         3.3322373892057         7.5308232278823    
H       4.6071312702960         3.3481547220583         7.9861028239992    
O       4.3861928679887         4.3907589495950         5.7634688577537    
O       5.5164757007148         2.7417827211231         5.0711708959529    
C       6.9680438245820         4.5789421493437         1.7935037169671    
N       7.5856900220434         5.1915873253553         2.9859017017378    
H       7.6761615398162         3.7874388700254         1.3246457535295    
H       6.0371373843989         4.0694361596754         2.1453587940260    
H       6.7104355918082         5.3363425157975         1.1061393638637    
O       8.1490040935675         4.5077360692573         3.7572382125560    
O       7.5090427220104         6.3727898514449         3.0939511832806    
C       3.9175607552029         7.6509215657394        0.64779533904350    
N       2.6102213549091         8.1538982654171        0.27647513064508    
H       3.7665867275828         6.6579702440714         1.1505429596911    
H       4.6085723838182         7.5950617816574         11.938853009058    
H       4.3928585221893         8.1732239313181         1.5130635541652    
O       2.6455982471113         8.9387092565691         11.505447083761    
O       1.6027181537193         7.7235559539778        0.76199315376588    
C       2.7036861827280         3.0872987129105         10.931378458666    
N       3.3134869028748         4.4072897367454         10.732248401158    
H       2.9635475208810         2.3953527918993         10.178121985509    
H       3.1878254685955         2.6692528635560         11.851603942626    
H       1.6615803350506         3.1792430682882         11.028327939675    
O       4.2011592686415         4.4690672612951         9.9309651958259    
O       2.7847430015143         5.2682661028078         11.325006832436    
C       5.0047486478602         11.750482317322         11.912276396392    
N       5.4425132304120        0.56371006530760        0.81353017446848    
H       5.4784438736903         11.973919286031         10.923910445826    
H       5.2058739973432         10.710622510781        0.10186301958005E-01
H       3.8834253736713         11.809150213781         11.754263284855    
O       6.1623838320346        0.21673538800703         1.7277965027215    
O       5.0889365074551         1.6890410237254        0.65284964496662    
C       8.5159596615642         1.2279772904291         3.3094718573605    
N       9.7788980493771         1.0432652670977         4.0546969181107    
H       7.8579954700181         1.7740840773105         3.9423313533665    
H       8.6908190270897         1.8294128503634         2.4331238039612    
H       8.0598727404461        0.29055458399864         3.0383401314473    
O       9.7083441926011         1.0259233628279         5.2534712132162    
O       10.819595945608        0.91220172594509         3.3652110428573    
C       12.016374951353         10.955616812832         5.6743580219937    
N       10.841688650725         10.950103570112         6.5329851672942    
H       12.082033954559         10.080500774391         5.0810522252364    
H       11.942399923964         11.683062073902         4.8615826147469    
H      0.76713589167234         11.112358791060         6.3239510868520    
O       10.977928155241         11.450183940575         7.6339216392733    
O       9.8911838614965         10.405458626897         6.1561725475212    
C       1.2897564093495         7.9762282008329         4.6820308401274    
N       2.2660345360799         8.3158421714038         5.6593679383920    
H       1.8144797013054         7.5356587526564         3.8428225951751    
H      0.45346698730010         7.3653907194065         4.9660945091406    
H      0.88512009428389         8.9153883588589         4.3111737783222    
O       2.6375982638887         7.4215071863900         6.3905194399613    
O       2.6916003648015         9.4648220723318         5.7199397211410    
C       8.5153111406663         8.0602598087782         11.211045399231    
N       7.7573941092935         6.8360014984125         11.515216742700    
H       9.1828814115352         7.7773097451056         10.419764632306    
H       7.8248804692294         8.8114522527636         10.875108585033    
H       9.0102837317817         8.4250945838445         12.074184329364    
O       8.4758379518236         5.8877492042784         11.921578302059    
O       6.5646342507504         6.8350578827403         11.446776346415    
C       2.0766641823255         4.3960538049870         3.5239939970435    
N       3.1491069549492         5.1008287177255         2.8391380524376    
H       1.1026682011882         4.7942903853051         3.3212991310469    
H       2.0898370518008         3.3029994447575         3.3021863612167    
H       2.4027024938411         4.6044668330329         4.5241923722758    
O       3.8013335575392         4.5201773090395         2.0520136171812    
O       3.3415864191072         6.2507837428388         3.1984278450664    
C       8.2912600016585         8.1690414904670         5.1768292741268    
N       7.2297345572736         9.1104054425352         4.8276622788835    
H       8.7813115750422         7.8506722747999         4.2857445477976    
H       8.9876238584516         8.6724202591730         5.7845480673091    
H       7.9481437715887         7.2818234832563         5.6811837408096    
O       7.4410054470047         9.9147571744470         3.9790792963047    
O       6.2307139065096         9.1725631474108         5.5039596123664    
C       5.3870009134242         6.7149294810870         8.1177054580496    
N       6.8478035891416         6.5416231299450         7.8579394125435    
H       4.9707001599891         5.6659724766864         8.0836993847383    
H       5.2213532378292         7.2875362164987         9.0133934146397    
H       4.9278120915083         7.2515592042178         7.2911801554782    
O       7.6150388497522         7.1896558105807         8.5421451213833    
O       7.1439165059902         5.7825124870037         6.9912467862685    
C       4.4718228943124         11.350072778035         4.1088652208950    
N       3.0799488478691         11.416778789061         3.7038392731140    
H       4.5184019181154         10.943482079491         5.1426756290991    
H       5.0786972477260         10.659396663276         3.5213215029524    
H       4.9516084780087        0.27755533527171         4.1829789126825    
O       2.7118625930737         10.953273145446         2.6233435025377    
O       2.2749362174947         11.911891326162         4.4690762372282    
C       10.959093348410         3.3520874901285         11.019188642800    
N       10.541743084569         3.1973792825407         9.6083863877666    
H       11.515090230018         4.2673058582766         11.152732456634    
H       10.098309102370         3.2804233268164         11.736713979236    
H       11.741269518666         2.6008191285025         11.240084635209    
O       9.5613818294039         2.5842222571304         9.3867776921802    
O       11.342910282828         3.5228854056885         8.7628966798492    
C       8.3633687572681         11.938209775999         8.3147236562064    
N       7.2646244107188         11.742971705931         9.2180702771779    
H       8.5398147035236         11.161609527654         7.5651898496898    
H       8.2238383586763        0.71317342104765         7.6157540247744    
H       9.2612083922956        0.19053061618900E-01     8.8957315871330    
O       6.3360082166987        0.39966375021142         9.2077735482671    
O       7.3417685678698         10.804126084756         9.9085581954593    
C       2.2338935388966         10.686498987773         8.4026032074705    
N       3.0567480036636         11.938914064398         8.4366724700127    
H       2.0092985187060         10.325295007566         9.4307590660404    
H       1.2811071415330         10.842593654625         7.9241427422411    
H       2.8351734165621         9.9899917037706         7.7969688689424    
O       3.2620762404490        0.35962157574850         7.3716005114140    
O       3.4603169205383        0.21044069302788         9.4751027221084    
C      0.78902371142794         1.7423971255567         6.9099213773228    
N       1.4592712629289         3.0212639169475         7.2087287864501    
H       1.5658386327677         1.0544883878673         6.6427812358797    
H      0.16351959372142         1.3815872723290         7.7032236585101    
H      0.22990433869189         1.9978333535525         6.0487146787596    
O       1.0948873640137         3.9580204601859         6.5546066081764    
O       2.2934584732074         3.0851509564881         8.0955233025089    
 -0.5719137134276295E+01
         380
  0.4004738643473862E+00  0.4004738643473862E+00
  0.3446491850793797E+00  0.3446491850793797E+00
  0.2674547179188143E+00  0.2674547179188143E+00
  0.3548791183791392E+00  0.3548791183791392E+00
  0.5115972749778055E+00  0.5115972749778055E+00
  0.3127557679361710E+00  0.3127557679361710E+00
  0.3377887317956403E+00  0.3377887317956403E+00
  0.4280178197849910E+00  0.4280178197849910E+00
  0.2586108993917707E+00  0.2586108993917707E+00
  0.2675847588551154E+00  0.2675847588551154E+00
  0.2522117041202097E+00  0.2522117041202097E+00
  0.8973256814041760E+00  0.8973256814041760E+00
  0.6599089495075557E+00  0.6599089495075557E+00
  0.8326185384819447E+00  0.8326185384819447E+00
  0.6452339803392176E+00  0.6452339803392176E+00
  0.9305373744649285E+00  0.9305373744649285E+00
  0.5434169757429521E+00  0.5434169757429521E+00
  0.9110313655616198E+00  0.9110313655616198E+00
  0.6954861137391793E+00  0.6954861137391793E+00
  0.4122869560469716E+00  0.4122869560469716E+00
  0.3304665157948197E+00  0.3304665157948197E+00
  0.3097332322447448E+00  0.3097332322447448E+00
  0.3131389292434676E+00  0.3131389292434676E+00
  0.5035708425684677E+00  0.5035708425684677E+00
  0.3974676544957904E+00  0.3974676544957904E+00
  0.3168516702080835E+00  0.3168516702080835E+00
  0.3635652787709052E+00  0.3635652787709052E+00
  0.2606465253986041E+00  0.2606465253986041E+00
  0.2600915835181115E+00  0.2600915835181115E+00
  0.2628776978672713E+00  0.2628776978672713E+00
  0.9081977769612750E+00  0.9081977769612750E+00
  0.6187654405663812E+00  0.6187654405663812E+00
  0.9503336894219948E+00  0.9503336894219948E+00
  0.5920221131148669E+00  0.5920221131148669E+00
  0.9025060408326843E+00  0.9025060408326843E+00
  0.8127724256940270E+00  0.8127724256940270E+00
  0.5228372719151764E+00  0.5228372719151764E+00
  0.8335583887461049E+00  0.8335583887461049E+00
  0.4088800006268160E+00  0.4088800006268160E+00
  0.3403734806283747E+00  0.3403734806283747E+00
  0.2777119589805632E+00  0.2777119589805632E+00
  0.3414946519305128E+00  0.3414946519305128E+00
  0.4874430483188507E+00  0.4874430483188507E+00
  0.3733965371108310E+00  0.3733965371108310E+00
  0.3421479046381245E+00  0.3421479046381245E+00
  0.3568125139347145E+00  0.3568125139347145E+00
  0.2636718662908794E+00  0.2636718662908794E+00
  0.2673959424267708E+00  0.2673959424267708E+00
  0.2602318790916784E+00  0.2602318790916784E+00
  0.9044993868121776E+00  0.9044993868121776E+00
  0.5999051430455491E+00  0.5999051430455491E+00
  0.9436359279056492E+00  0.9436359279056492E+00
  0.6177204311341133E+00  0.6177204311341133E+00
  0.8995333001303241E+00  0.8995333001303241E+00
  0.7653688769804032E+00  0.7653688769804032E+00
  0.7410327539606859E+00  0.7410327539606859E+00
  0.6634123749034387E+00  0.6634123749034387E+00
  0.4051152514697488E+00  0.4051152514697488E+00
  0.3292770828971527E+00  0.3292770828971527E+00
  0.3406760681614455E+00  0.3406760681614455E+00
  0.2868826506405663E+00  0.2868826506405663E+00
  0.4995468967395009E+00  0.4995468967395009E+00
  0.3974074435951391E+00  0.3974074435951391E+00
  0.3436796836446862E+00  0.3436796836446862E+00
  0.3401572426372508E+00  0.3401572426372508E+00
  0.2602333346464184E+00  0.2602333346464184E+00
  0.2670397041174994E+00  0.2670397041174994E+00
  0.2559373361819565E+00  0.2559373361819565E+00
  0.9141590588758178E+00  0.9141590588758178E+00
  0.6466912106498710E+00  0.6466912106498710E+00
  0.5262369976862511E+00  0.5262369976862511E+00
  0.9796466783677843E+00  0.9796466783677843E+00
  0.8940876570671458E+00  0.8940876570671458E+00
  0.6687765447107787E+00  0.6687765447107787E+00
  0.7517878029674591E+00  0.7517878029674591E+00
  0.7291148821341604E+00  0.7291148821341604E+00
  0.4242584236913402E+00  0.4242584236913402E+00
  0.3283527806449953E+00  0.3283527806449953E+00
  0.3301618337998378E+00  0.3301618337998378E+00
  0.2971630124511002E+00  0.2971630124511002E+00
  0.4857104070726387E+00  0.4857104070726387E+00
  0.4041924941513069E+00  0.4041924941513069E+00
  0.3056128231422512E+00  0.3056128231422512E+00
  0.3628817341157741E+00  0.3628817341157741E+00
  0.2822260496293608E+00  0.2822260496293608E+00
  0.2634614156300896E+00  0.2634614156300896E+00
  0.2565813446851067E+00  0.2565813446851067E+00
  0.8940261749027506E+00  0.8940261749027506E+00
  0.6531563114134306E+00  0.6531563114134306E+00
  0.8167504127064373E+00  0.8167504127064373E+00
  0.7004134681270303E+00  0.7004134681270303E+00
  0.8998146031144761E+00  0.8998146031144761E+00
  0.7561382353577596E+00  0.7561382353577596E+00
  0.4962107291020004E+00  0.4962107291020004E+00
  0.9081844154176142E+00  0.9081844154176142E+00
  0.4165460464780331E+00  0.4165460464780331E+00
  0.2830690140077240E+00  0.2830690140077240E+00
  0.3609504360196082E+00  0.3609504360196082E+00
  0.3222543934576020E+00  0.3222543934576020E+00
  0.4874010409012485E+00  0.4874010409012485E+00
  0.3249913016980112E+00  0.3249913016980112E+00
  0.3765023224777674E+00  0.3765023224777674E+00
  0.3688170381360387E+00  0.3688170381360387E+00
  0.2711549098164281E+00  0.2711549098164281E+00
  0.2568290911575632E+00  0.2568290911575632E+00
  0.2726440857758249E+00  0.2726440857758249E+00
  0.8988668825803984E+00  0.8988668825803984E+00
  0.9914662582547383E+00  0.9914662582547383E+00
  0.6092619391275519E+00  0.6092619391275519E+00
  0.5763956653387489E+00  0.5763956653387489E+00
  0.9035262620364714E+00  0.9035262620364714E+00
  0.6338118905063790E+00  0.6338118905063790E+00
  0.7555331804543571E+00  0.7555331804543571E+00
  0.7560803880279147E+00  0.7560803880279147E+00
  0.4120306796137148E+00  0.4120306796137148E+00
  0.3104357750851370E+00  0.3104357750851370E+00
  0.2950426501265723E+00  0.2950426501265723E+00
  0.3581417904340276E+00  0.3581417904340276E+00
  0.4828585156283367E+00  0.4828585156283367E+00
  0.3584156632513475E+00  0.3584156632513475E+00
  0.3471284268394159E+00  0.3471284268394159E+00
  0.3700906877206631E+00  0.3700906877206631E+00
  0.2533784512329250E+00  0.2533784512329250E+00
  0.2712529132413999E+00  0.2712529132413999E+00
  0.2705789622667639E+00  0.2705789622667639E+00
  0.9021809323444340E+00  0.9021809323444340E+00
  0.5846512981544429E+00  0.5846512981544429E+00
  0.9790265776207299E+00  0.9790265776207299E+00
  0.5892596281659189E+00  0.5892596281659189E+00
  0.8929608978893452E+00  0.8929608978893452E+00
  0.7495461210116313E+00  0.7495461210116313E+00
  0.7334735597060570E+00  0.7334735597060570E+00
  0.6774324918220099E+00  0.6774324918220099E+00
  0.4149510927067996E+00  0.4149510927067996E+00
  0.3383691768923076E+00  0.3383691768923076E+00
  0.3062532052961376E+00  0.3062532052961376E+00
  0.3198496539790222E+00  0.3198496539790222E+00
  0.4961873915498274E+00  0.4961873915498274E+00
  0.3954122508651388E+00  0.3954122508651388E+00
  0.3258883687904229E+00  0.3258883687904229E+00
  0.3534051159627639E+00  0.3534051159627639E+00
  0.2561793923952309E+00  0.2561793923952309E+00
  0.2739184347008752E+00  0.2739184347008752E+00
  0.2717779157316748E+00  0.2717779157316748E+00
  0.9104558600914369E+00  0.9104558600914369E+00
  0.6152884849433699E+00  0.6152884849433699E+00
  0.9371420494617367E+00  0.9371420494617367E+00
  0.6094215897991556E+00  0.6094215897991556E+00
  0.9004589759490481E+00  0.9004589759490481E+00
  0.7310616444419569E+00  0.7310616444419569E+00
  0.5403920688354864E+00  0.5403920688354864E+00
  0.8801745989484067E+00  0.8801745989484067E+00
  0.4061672574268300E+00  0.4061672574268300E+00
  0.2898092075670940E+00  0.2898092075670940E+00
  0.3329922019840401E+00  0.3329922019840401E+00
  0.3237702043787514E+00  0.3237702043787514E+00
  0.5222261956141330E+00  0.5222261956141330E+00
  0.3368298783137079E+00  0.3368298783137079E+00
  0.4492890084539246E+00  0.4492890084539246E+00
  0.3036910230981899E+00  0.3036910230981899E+00
  0.2638939632990903E+00  0.2638939632990903E+00
  0.2705680656953526E+00  0.2705680656953526E+00
  0.2500667262970960E+00  0.2500667262970960E+00
  0.9061762342432892E+00  0.9061762342432892E+00
  0.9726390766413253E+00  0.9726390766413253E+00
  0.6717439102998479E+00  0.6717439102998479E+00
  0.4880397986533901E+00  0.4880397986533901E+00
  0.9271094989226034E+00  0.9271094989226034E+00
  0.6291085484587063E+00  0.6291085484587063E+00
  0.6856250025746631E+00  0.6856250025746631E+00
  0.8174238600322855E+00  0.8174238600322855E+00
  0.4127635139551373E+00  0.4127635139551373E+00
  0.3018081964480697E+00  0.3018081964480697E+00
  0.3635708281037042E+00  0.3635708281037042E+00
  0.3013269712322846E+00  0.3013269712322846E+00
  0.4855483399881759E+00  0.4855483399881759E+00
  0.3412901677700721E+00  0.3412901677700721E+00
  0.4003508149937740E+00  0.4003508149937740E+00
  0.3319906579892211E+00  0.3319906579892211E+00
  0.2649683799957258E+00  0.2649683799957258E+00
  0.2569489329478354E+00  0.2569489329478354E+00
  0.2654605700050160E+00  0.2654605700050160E+00
  0.9119598723865207E+00  0.9119598723865207E+00
  0.9544499625718563E+00  0.9544499625718563E+00
  0.6855337584731777E+00  0.6855337584731777E+00
  0.5377692805718638E+00  0.5377692805718638E+00
  0.8840398516143370E+00  0.8840398516143370E+00
  0.6327992811969851E+00  0.6327992811969851E+00
  0.6284184101168193E+00  0.6284184101168193E+00
  0.8779122510508777E+00  0.8779122510508777E+00
  0.4021216279497968E+00  0.4021216279497968E+00
  0.2992046135876685E+00  0.2992046135876685E+00
  0.3459021960544170E+00  0.3459021960544170E+00
  0.3144777179929893E+00  0.3144777179929893E+00
  0.5051834442791971E+00  0.5051834442791971E+00
  0.3972572435352953E+00  0.3972572435352953E+00
  0.3008944697046504E+00  0.3008944697046504E+00
  0.3804966100048450E+00  0.3804966100048450E+00
  0.2569052991710423E+00  0.2569052991710423E+00
  0.2548913519720539E+00  0.2548913519720539E+00
  0.2792533473318048E+00  0.2792533473318048E+00
  0.9093635298467093E+00  0.9093635298467093E+00
  0.7789592087965110E+00  0.7789592087965110E+00
  0.6853918522605099E+00  0.6853918522605099E+00
  0.6745926693418228E+00  0.6745926693418228E+00
  0.9156680412941981E+00  0.9156680412941981E+00
  0.7799877117206959E+00  0.7799877117206959E+00
  0.5186403249525666E+00  0.5186403249525666E+00
  0.8525920892623519E+00  0.8525920892623519E+00
  0.4050988569823751E+00  0.4050988569823751E+00
  0.3330116585466602E+00  0.3330116585466602E+00
  0.2888503889302721E+00  0.2888503889302721E+00
  0.3268386245337633E+00  0.3268386245337633E+00
  0.5184122365691172E+00  0.5184122365691172E+00
  0.3003271807315985E+00  0.3003271807315985E+00
  0.3505188368988846E+00  0.3505188368988846E+00
  0.4347839859287039E+00  0.4347839859287039E+00
  0.2566933872860361E+00  0.2566933872860361E+00
  0.2627682153738785E+00  0.2627682153738785E+00
  0.2635115068428190E+00  0.2635115068428190E+00
  0.9288836574072082E+00  0.9288836574072082E+00
  0.8056534027170891E+00  0.8056534027170891E+00
  0.6740056761452952E+00  0.6740056761452952E+00
  0.6774357802610982E+00  0.6774357802610982E+00
  0.9016844633640058E+00  0.9016844633640058E+00
  0.4853217119394029E+00  0.4853217119394029E+00
  0.9468289678771764E+00  0.9468289678771764E+00
  0.6842950819934689E+00  0.6842950819934689E+00
  0.4140423281799392E+00  0.4140423281799392E+00
  0.3001235308850265E+00  0.3001235308850265E+00
  0.3181513913283708E+00  0.3181513913283708E+00
  0.3428761206603396E+00  0.3428761206603396E+00
  0.4954543503998834E+00  0.4954543503998834E+00
  0.3840979958861961E+00  0.3840979958861961E+00
  0.3192710991776094E+00  0.3192710991776094E+00
  0.3772308518541692E+00  0.3772308518541692E+00
  0.2539788412623055E+00  0.2539788412623055E+00
  0.2739537759869083E+00  0.2739537759869083E+00
  0.2563573972772328E+00  0.2563573972772328E+00
  0.8935334838844733E+00  0.8935334838844733E+00
  0.7190453645566101E+00  0.7190453645566101E+00
  0.8246825980271917E+00  0.8246825980271917E+00
  0.5935649048152968E+00  0.5935649048152968E+00
  0.9118504500445551E+00  0.9118504500445551E+00
  0.8647324093281457E+00  0.8647324093281457E+00
  0.5082079455035029E+00  0.5082079455035029E+00
  0.7912105479403065E+00  0.7912105479403065E+00
  0.4033862511297067E+00  0.4033862511297067E+00
  0.3092285557093106E+00  0.3092285557093106E+00
  0.3085231807934763E+00  0.3085231807934763E+00
  0.3416858705739239E+00  0.3416858705739239E+00
  0.4978244608756018E+00  0.4978244608756018E+00
  0.3403554825708917E+00  0.3403554825708917E+00
  0.3772242334211753E+00  0.3772242334211753E+00
  0.3577547880548592E+00  0.3577547880548592E+00
  0.2630595166126255E+00  0.2630595166126255E+00
  0.2545048128477634E+00  0.2545048128477634E+00
  0.2626125210468588E+00  0.2626125210468588E+00
  0.9000835831377834E+00  0.9000835831377834E+00
  0.9123979662343015E+00  0.9123979662343015E+00
  0.6439043660202328E+00  0.6439043660202328E+00
  0.6004197629982150E+00  0.6004197629982150E+00
  0.9083855552293895E+00  0.9083855552293895E+00
  0.5850721329622320E+00  0.5850721329622320E+00
  0.8720089988889075E+00  0.8720089988889075E+00
  0.7050193301504157E+00  0.7050193301504157E+00
  0.4213903284427173E+00  0.4213903284427173E+00
  0.2807359562463374E+00  0.2807359562463374E+00
  0.3338129518903599E+00  0.3338129518903599E+00
  0.3398471418408816E+00  0.3398471418408816E+00
  0.5045089350481414E+00  0.5045089350481414E+00
  0.3500484225593434E+00  0.3500484225593434E+00
  0.3740004342296420E+00  0.3740004342296420E+00
  0.3583095152773265E+00  0.3583095152773265E+00
  0.2673020993424686E+00  0.2673020993424686E+00
  0.2648814936909442E+00  0.2648814936909442E+00
  0.2583957800305602E+00  0.2583957800305602E+00
  0.9113273295262683E+00  0.9113273295262683E+00
  0.7932268049156206E+00  0.7932268049156206E+00
  0.6706864357005149E+00  0.6706864357005149E+00
  0.6870592650498007E+00  0.6870592650498007E+00
  0.8990535794368567E+00  0.8990535794368567E+00
  0.9548499644706078E+00  0.9548499644706078E+00
  0.6065271084632314E+00  0.6065271084632314E+00
  0.5804179905828283E+00  0.5804179905828283E+00
  0.4137108139130800E+00  0.4137108139130800E+00
  0.2692056413475230E+00  0.2692056413475230E+00
  0.3296092671128406E+00  0.3296092671128406E+00
  0.3502128873151698E+00  0.3502128873151698E+00
  0.5147661303480769E+00  0.5147661303480769E+00
  0.3343559035193240E+00  0.3343559035193240E+00
  0.4173292663688650E+00  0.4173292663688650E+00
  0.3246193693944170E+00  0.3246193693944170E+00
  0.2642919423992950E+00  0.2642919423992950E+00
  0.2639366874056839E+00  0.2639366874056839E+00
  0.2728026321333572E+00  0.2728026321333572E+00
  0.9188169304131856E+00  0.9188169304131856E+00
  0.9383253903297704E+00  0.9383253903297704E+00
  0.6737135954395359E+00  0.6737135954395359E+00
  0.5367260151330383E+00  0.5367260151330383E+00
  0.9121737711780407E+00  0.9121737711780407E+00
  0.7619122375900934E+00  0.7619122375900934E+00
  0.6561878217363734E+00  0.6561878217363734E+00
  0.7299900209773084E+00  0.7299900209773084E+00
  0.4168122683115736E+00  0.4168122683115736E+00
  0.3214254642197069E+00  0.3214254642197069E+00
  0.3471290015544646E+00  0.3471290015544646E+00
  0.2800551115722442E+00  0.2800551115722442E+00
  0.4953174938865844E+00  0.4953174938865844E+00
  0.3295734369906465E+00  0.3295734369906465E+00
  0.4126540558495429E+00  0.4126540558495429E+00
  0.3377108897898499E+00  0.3377108897898499E+00
  0.2718871349529821E+00  0.2718871349529821E+00
  0.2666305093525515E+00  0.2666305093525515E+00
  0.2684606901912789E+00  0.2684606901912789E+00
  0.8939796643935741E+00  0.8939796643935741E+00
  0.5603461509047860E+00  0.5603461509047860E+00
  0.5916800340910712E+00  0.5916800340910712E+00
  0.9692265566752706E+00  0.9692265566752706E+00
  0.9079250653970377E+00  0.9079250653970377E+00
  0.6997973946208802E+00  0.6997973946208802E+00
  0.7334223763696122E+00  0.7334223763696122E+00
  0.7408316482201762E+00  0.7408316482201762E+00
  0.4150280572228851E+00  0.4150280572228851E+00
  0.3117041142626315E+00  0.3117041142626315E+00
  0.3610540832156129E+00  0.3610540832156129E+00
  0.2977459228719047E+00  0.2977459228719047E+00
  0.4837848750379729E+00  0.4837848750379729E+00
  0.3481102576880144E+00  0.3481102576880144E+00
  0.3397516057294019E+00  0.3397516057294019E+00
  0.3847145773119560E+00  0.3847145773119560E+00
  0.2607241821166157E+00  0.2607241821166157E+00
  0.2848347175215329E+00  0.2848347175215329E+00
  0.2538970458224505E+00  0.2538970458224505E+00
  0.9065809590014504E+00  0.9065809590014504E+00
  0.6264472111126629E+00  0.6264472111126629E+00
  0.6868102198799931E+00  0.6868102198799931E+00
  0.8406002828392035E+00  0.8406002828392035E+00
  0.8904790554643407E+00  0.8904790554643407E+00
  0.9161710559340316E+00  0.9161710559340316E+00
  0.5727856880696324E+00  0.5727856880696324E+00
  0.6719929729300566E+00  0.6719929729300566E+00
  0.4256937709039192E+00  0.4256937709039192E+00
  0.3115765572893936E+00  0.3115765572893936E+00
  0.3100992975272844E+00  0.3100992975272844E+00
  0.3416938605082000E+00  0.3416938605082000E+00
  0.4977328829898914E+00  0.4977328829898914E+00
  0.4146165237795927E+00  0.4146165237795927E+00
  0.3737207207922805E+00  0.3737207207922805E+00
  0.2938334079913926E+00  0.2938334079913926E+00
  0.2718131054252589E+00  0.2718131054252589E+00
  0.2662538460000770E+00  0.2662538460000770E+00
  0.2593555656148115E+00  0.2593555656148115E+00
  0.9072600876292692E+00  0.9072600876292692E+00
  0.7660009280176515E+00  0.7660009280176515E+00
  0.8001863234895197E+00  0.8001863234895197E+00
  0.5883871377623771E+00  0.5883871377623771E+00
  0.8946641622321767E+00  0.8946641622321767E+00
  0.7063165295876872E+00  0.7063165295876872E+00
  0.8309533346500170E+00  0.8309533346500170E+00
  0.5946952296929915E+00  0.5946952296929915E+00
  0.4122795075859199E+00  0.4122795075859199E+00
  0.3240656630465588E+00  0.3240656630465588E+00
  0.3025868850125715E+00  0.3025868850125715E+00
  0.3345076694552248E+00  0.3345076694552248E+00
  0.5060308243891679E+00  0.5060308243891679E+00
  0.3775582409607072E+00  0.3775582409607072E+00
  0.3410143887319202E+00  0.3410143887319202E+00
  0.3608701002260359E+00  0.3608701002260359E+00
  0.2570802931094329E+00  0.2570802931094329E+00
  0.2543287713562371E+00  0.2543287713562371E+00
  0.2692077010735294E+00  0.2692077010735294E+00
  0.9053467844247569E+00  0.9053467844247569E+00
  0.7787186119058284E+00  0.7787186119058284E+00
  0.6800187987980723E+00  0.6800187987980723E+00
  0.6900905670648014E+00  0.6900905670648014E+00
  0.9119321457657396E+00  0.9119321457657396E+00
  0.5938289959118895E+00  0.5938289959118895E+00
  0.9730899512906752E+00  0.9730899512906752E+00
  0.5798882726709593E+00  0.5798882726709593E+00
 -0.2223687661721149E-02   0.1481759463426749E-02   0.4503446045069075E-02
 -0.2744035803141729E-02  -0.5772621141108903E-03   0.7333934590717421E-02
  0.2457599143601375E-01   0.1047467701950672E-01   0.2153690271575712E-01
 -0.1306729695976459E-01  -0.4753056290824308E-02  -0.1835762855862402E-01
  0.1561802806726712E-01   0.1312422990923528E-01  -0.2159055600479139E-01
  0.3434379869395719E-02  -0.4626372248317088E-02   0.7692229224779338E-03
 -0.5234233993809450E-02   0.5593533827682421E-03  -0.3946717725558596E-02
 -0.1896906052786196E-02  -0.5155080548406299E-03  -0.3253295259289576E-02
 -0.6270137468841412E-02  -0.4086684822222789E-02  -0.1236774898298545E-02
 -0.1746087880580183E-02  -0.7456874781468911E-02   0.1360255570609618E-01
  0.1190739306650942E-03   0.1424081538633405E-01   0.1904407621543236E-04
 -0.1042051223167422E-01   0.1050713726725744E-01  -0.1584483644666076E-01
  0.2908826110200341E-02   0.1930097938731578E-02  -0.3400673544657621E-02
  0.2968366361195569E-02   0.2134121781824475E-02   0.5224022983311302E-05
  0.4596748238743870E-02  -0.4216671607368624E-02   0.1569891021475754E-02
 -0.7981110798322529E-02   0.1534464934191095E-02   0.3009001180072188E-02
 -0.1047206026056896E-02  -0.4891440966598264E-03   0.1305725485880269E-01
  0.7116584732970218E-02   0.1166143883889592E-01   0.3400547788269390E-02
  0.7201849612937158E-02   0.5083741102544961E-02   0.6441099839915400E-02
 -0.3144531124680888E-02  -0.2853670415245403E-02  -0.5132285510041433E-02
 -0.4693902924629370E-02  -0.2178213123724781E-02   0.8134387761422351E-03
 -0.4536501259428115E-02   0.4713034642542229E-02  -0.1425910712310647E-02
  0.1050428841030869E-01   0.2512785067436314E-02   0.2369639410289577E-03
 -0.1293103306026353E-01  -0.4049777508726257E-03   0.2573940981496691E-01
  0.3388774808614728E-03  -0.1196153495787086E-01   0.4659303689580171E-03
  0.3086527885100141E-01  -0.1435595992459588E-02   0.8720944936067333E-02
 -0.5030861115115451E-02   0.5266185493024669E-02  -0.9938572021202072E-03
 -0.3121160968472029E-02  -0.5109075767312584E-02  -0.1079016997678707E-02
 -0.2118814124929521E-02   0.4713304566361842E-03   0.9429338561586979E-02
 -0.5517020595480484E-02  -0.1631306624800948E-03  -0.7891849999059323E-02
  0.5313640606631229E-02  -0.7717478462495805E-02  -0.8245820055442494E-04
  0.7463945739959514E-02  -0.2822401854186810E-01   0.1009053490389597E-01
  0.3587484761137528E-01  -0.1729317893705971E-01   0.1490949253281821E-01
 -0.6608951900976799E-03  -0.3116497103112991E-02  -0.6518537777803701E-03
  0.4550137994541627E-02  -0.3853371669775222E-02  -0.2575314877988383E-03
 -0.1483390755105563E-02  -0.1277889754548642E-02   0.7337839322543185E-03
 -0.1528881383187375E-02   0.4942562360589243E-02   0.1072104251907467E-02
 -0.1677196306535547E-01  -0.4315785137653893E-02   0.1799436441364149E-02
 -0.2877256126517843E-02   0.8941984455031110E-02   0.1966084521745874E-02
  0.2854802493844803E-02   0.9426932751780744E-03   0.9408008172689876E-03
 -0.4930047342187367E-02   0.4177391239315226E-02   0.3056947810386631E-02
  0.3687562837989916E-02  -0.2585525594472557E-02   0.2693978620402935E-02
  0.3906317597325916E-02   0.1100739939279210E-02  -0.2469824718559110E-02
  0.6716439428315217E-02   0.8163157128641221E-03  -0.1405107886184128E-02
  0.2528970940242518E-01  -0.2863210323187917E-01   0.8063888543663581E-02
  0.1867742345491665E-02  -0.1679506036847593E-01  -0.1243873615299810E-02
 -0.2182315004529133E-01   0.2401377645850253E-02   0.4577402028677086E-02
  0.3582535988463579E-02  -0.5259488291829161E-02   0.8601841064467683E-05
 -0.4590045908725741E-02  -0.6548185681777607E-02   0.2238507320614867E-02
 -0.3331829900817387E-02   0.2352221133267081E-02  -0.5757763655704224E-03
 -0.1263654102313412E-03  -0.6466043167050727E-02  -0.4232720609479075E-02
 -0.1169301270664277E-01  -0.2752655592144914E-01   0.1332754292921168E-01
  0.3332893589882565E-03   0.1452905634835249E-02  -0.2377687316373890E-01
 -0.9384428857807457E-02  -0.1445387999256087E-01  -0.7489097187021198E-02
 -0.3311503798101778E-02  -0.3011160027164473E-02   0.1442632543958463E-02
 -0.1165753331861977E-01   0.5817048246925002E-02  -0.3505643668558646E-02
 -0.4710034637208695E-02   0.2580295765697152E-03   0.4242279357820439E-02
 -0.1480571716221897E-03  -0.7939008475979415E-03   0.5366620878681412E-02
 -0.1004841804877210E-01  -0.1346836250458495E-01  -0.6852720169368763E-02
 -0.2056569090787806E-01  -0.9160201816211449E-02  -0.6547234907815470E-02
  0.4821901275804448E-02  -0.5084304586308300E-02  -0.2633457380693028E-02
 -0.5181668512331562E-02  -0.1065508398403395E-02   0.1163128207997795E-01
 -0.2462029887684872E-03  -0.4915654379609608E-02   0.1814600273182260E-03
 -0.4799133719057398E-02   0.1024009224674153E-01   0.3772826436294134E-02
  0.8158675266569273E-03  -0.2847672068416049E-03  -0.6616822091840296E-02
 -0.9588187199919223E-02   0.1840383713174881E-01   0.8334445564993674E-02
 -0.9824115675768576E-02  -0.5891987628728234E-02  -0.1729337631003415E-01
 -0.1377509232984134E-01   0.1102049460312733E-02   0.3643083381720745E-01
  0.8062259510514851E-03  -0.2250759854821979E-02   0.8435900298474554E-03
 -0.3277487369653081E-02  -0.1196150143608978E-02   0.8205356260525450E-03
 -0.2724830147195030E-02  -0.1738208439180785E-02   0.4258802704123594E-02
  0.2919767463029778E-02   0.2831095880997709E-02   0.5671853061504251E-02
 -0.1280014603311174E-01   0.1185486540762435E-02  -0.2136315921904962E-02
  0.1771185101895981E-01   0.6400174537697027E-04   0.2789191216325683E-02
  0.4102319233256697E-01   0.1277191903987723E-01  -0.4668092714863445E-02
  0.2424622677829992E-02   0.2148758071576749E-02  -0.2132330592582246E-02
 -0.2440874730622350E-02  -0.1052398227911497E-02  -0.1945375187366565E-02
  0.3116655052194004E-03  -0.1176393531259503E-01  -0.1006772407563115E-01
 -0.1011646095395352E-01   0.4992728441900009E-02   0.2692431316066988E-02
  0.1694946223557004E-01   0.4059303660759560E-01   0.4011839182296444E-03
 -0.2044702266920106E-02  -0.2394656151010328E-02   0.1565216334555937E-01
 -0.2431356574868721E-01   0.1315520188087343E-01  -0.2737541301108584E-01
  0.6040301372979362E-02  -0.5446764044686985E-02   0.2486032640523733E-02
 -0.1926106976000762E-02   0.3786462837789391E-02  -0.4424472402516035E-02
  0.2927870173284224E-03   0.2773970083695937E-02   0.2014163628488661E-02
 -0.2892462586538190E-02  -0.9682790787761405E-02  -0.7274736056412504E-02
  0.1597188647472760E-02   0.1499852759081352E-01   0.9461107221109743E-02
  0.4450400694953961E-02  -0.2725365027192640E-01   0.2015033276692258E-01
 -0.2206533750426630E-01  -0.4964307323750465E-03  -0.7117476138738248E-02
  0.3052704431734638E-02  -0.7010640514152166E-02   0.8023485951854656E-03
  0.4478487686983946E-02   0.4727345117723113E-02  -0.1481807829724558E-02
  0.4532972096897817E-02   0.1067834793834698E-02  -0.6239710698837407E-02
  0.2489971537484738E-02  -0.3063833081707069E-02  -0.7668052256262079E-02
  0.1576169164634462E-01  -0.1585851656415351E-01  -0.6063190658253700E-02
 -0.2268309131854988E-01  -0.4138945459614248E-02  -0.5346445433459436E-01
  0.1628426333577439E-01  -0.8293146532904912E-02   0.9235498350299069E-02
 -0.1488289789166890E-02  -0.2848336190112097E-02  -0.4168316602124339E-02
 -0.2596201784165064E-02   0.1833293526282889E-03   0.2686276006170686E-03
 -0.1884730767843570E-03   0.9294488304550538E-02  -0.6868600255252925E-02
 -0.1056624989129322E-01  -0.3556616681501835E-02  -0.2172868144481867E-02
  0.2242535241519672E-01   0.2500554244593743E-01  -0.9861423966534050E-02
  0.7418810720258576E-02   0.4982652499487917E-02   0.1395404334727020E-02
  0.2456913733984152E-02   0.3007148532648702E-02  -0.1486698834510483E-01
 -0.1954206763119360E-02   0.2284702992596231E-02  -0.2830550149418184E-02
 -0.5736522840307646E-03   0.1252862452098723E-02  -0.8911748434801067E-03
  0.1720015117806195E-02  -0.6164951351586134E-02   0.2495594175594810E-02
  0.7175736709165074E-02  -0.5236848219463073E-02   0.4249408076074443E-02
 -0.1772424173497875E-01   0.1433967888524344E-01  -0.4028998693105049E-01
 -0.2482689865477920E-01  -0.3907936632682243E-02   0.1426770309605563E-02
  0.1582368017985974E-01   0.3274145112065952E-02   0.1501457168139458E-01
 -0.8806832945012183E-04  -0.8422074145935092E-03   0.1514513117519048E-02
  0.1106550559755234E-02   0.6534081268219860E-02   0.6384957086790933E-04
 -0.1943352559415296E-02  -0.3756300694698398E-02   0.2951158714309264E-02
 -0.2551486418878641E-03   0.9763027852373664E-03  -0.9211112178439053E-03
  0.2120713652938512E-01   0.7113317177085968E-02  -0.2528016484076183E-01
 -0.4383274037099958E-02   0.2969713147229032E-01  -0.1706907494936216E-01
  0.1348486017209683E-01   0.1922419478796604E-01   0.4517471942157682E-02
 -0.6157315013025980E-02  -0.1729551942322805E-03  -0.3474170669294653E-02
 -0.1923807027548349E-02   0.3710857366893836E-02   0.3350336383870491E-02
  0.2719554805776010E-02  -0.4608801349920682E-02  -0.9514254065905153E-03
 -0.7940188552998424E-02   0.1604042297078280E-02   0.1109192255745620E-01
 -0.1959800797739950E-01  -0.2695041738011136E-01   0.3500082059765422E-02
 -0.1366520790257885E-02   0.2057362576856003E-01   0.5253190560813012E-02
 -0.8334382794109623E-02  -0.2772564752700198E-01   0.4148845893432421E-01
  0.6162306760213587E-02   0.7225259053166465E-03   0.2268956407415453E-02
  0.5805645487918538E-02  -0.7668904377624390E-04  -0.2584176391742870E-02
  0.4059799470849230E-03   0.3676445970859591E-02   0.1757788484476586E-02
  0.5757770958038286E-02  -0.5322787502473806E-02  -0.3632299192648793E-02
 -0.8756184491145474E-03  -0.1053784528072148E-01   0.5393891013059609E-03
  0.8189006611833399E-02   0.2134007419559651E-02  -0.1477633619538222E-01
 -0.4336390384159601E-02   0.6675393025126116E-02   0.1817984315852480E-01
 -0.2561304921817190E-02  -0.7586635862803778E-03   0.3463502879388402E-02
 -0.1281174972681202E-02   0.4068532060622052E-02   0.4775092007926749E-02
  0.2085872509623495E-02  -0.4338996312111408E-02   0.6435582158891556E-02
 -0.1503796302688618E-02   0.1277052331056704E-02  -0.9434534222109704E-03
 -0.1744313613393001E-01  -0.9660230500713560E-03   0.9658906275487586E-02
 -0.1776370259162531E-01   0.3044542212095441E-01   0.7536520652630273E-02
  0.3211349522440093E-02  -0.2575590785093858E-02   0.3799425895035495E-01
  0.4866607737038926E-02  -0.3024320570158885E-02   0.4056818449472886E-02
 -0.1462368389829766E-02  -0.2665613211554389E-02  -0.9565170456563931E-03
