Iter=           0
           6
   6.2670000000000003        0.0000000000000000        0.0000000000000000     
   0.0000000000000000        6.2670000000000003        0.0000000000000000     
   0.0000000000000000        0.0000000000000000        6.2670000000000003     
O       3.0879970132522         3.7000032352949         3.1239982799054    
H       4.0578691363234         3.6999075846194         3.1240980858688    
H       2.7641754277123         3.1320433456105         3.8409264382685    
O       2.4699819692058        0.38999149954900         1.3599908827532    
H       1.5404411607625        0.36995492117529         1.7296753392726    
H       2.4798479065134        0.17772766986757E-03    0.44047216906957    
  0.2023204241084450E+01
          12
  0.8369904234387041E+00  0.8369904234387041E+00
  0.8564760962063329E+00  0.8564760962063329E+00
  0.7713148397108103E+00  0.7713148397108103E+00
  0.5290016926186292E+00  0.5290016926186292E+00
  0.1891631389873119E+00  0.1891631389873119E+00
  0.1896708349049997E+00  0.1896708349049997E+00
  0.8497829188845769E+00  0.8497829188845769E+00
  0.9351646778376078E+00  0.9351646778376078E+00
  0.5821706567925578E+00  0.5821706567925578E+00
  0.6332689833669026E+00  0.6332689833669026E+00
  0.1934894254808441E+00  0.1934894254808441E+00
  0.1931329200972218E+00  0.1931329200972218E+00
 -0.2409570095434045E-04   0.2608406190644292E-04  -0.1402047338832164E-04
 -0.1039761411088420E-02  -0.7384009256064113E-03   0.7835556923169239E-03
  0.1399487365981365E-02   0.3426313986897847E-03  -0.5832479760537078E-03
 -0.1429237309016144E-03  -0.6743810569878421E-04  -0.7220399775952730E-04
  0.3506278626831103E-02  -0.3603730685709507E-03  -0.2586358177335948E-02
 -0.1214725337514050E-02   0.1412592777659104E-02   0.3754769279621511E-02
